k1 = 2000;
k2 = 2000;
c = 50;
m1 = 500;
m2 = 500;